A <- 100
B = 50